7.426460385322570801e-01
2.884364426136016846e-01
2.110473364591598511e-01
3.525162637233734131e-01
1.620282069779932499e-03
-1.777690351009368896e-01
3.118104934692382812e-01
8.404822349548339844e-01
-1.528142690658569336e-01
-1.959981173276901245e-01
1.266847252845764160e-01
-1.636650413274765015e-01
-1.264479309320449829e-01
6.986705064773559570e-01
-2.347729653120040894e-01
-4.883441701531410217e-02
-1.073616445064544678e-01
-3.481769263744354248e-01
1.727581024169921875e-01
2.404831051826477051e-01
6.239619255065917969e-01
1.752817183732986450e-01
-1.796897500753402710e-01
2.405986636877059937e-01
2.524687051773071289e-01
4.905232191085815430e-01
6.209527850151062012e-01
-1.594580858945846558e-01
5.112183094024658203e-01
-1.335189193487167358e-01
-2.448088303208351135e-02
2.168251425027847290e-01
