-2.104577422142028809e-01
-1.189811944961547852e+00
5.502399429678916931e-02
-2.018845975399017334e-01
-1.313444018363952637e+00
-1.019119262695312500e+00
-4.073393344879150391e-01
-2.993246614933013916e-01
8.242149353027343750e-01
4.948696196079254150e-01
-3.337101638317108154e-01
1.615856766700744629e+00
-1.453565359115600586e+00
5.406928658485412598e-01
-4.491334557533264160e-01
-4.151351749897003174e-01
2.434513717889785767e-02
-5.509040355682373047e-01
4.095235168933868408e-01
6.753075718879699707e-01
9.603191018104553223e-01
2.190255075693130493e-01
1.707891464233398438e+00
1.548924446105957031e+00
7.869397401809692383e-01
-1.168737888336181641e+00
-2.514666318893432617e-01
-1.261028766632080078e+00
1.788041144609451294e-01
-2.305721305310726166e-02
4.873471260070800781e-01
2.741980850696563721e-01
4.874284267425537109e-01
-1.560077667236328125e-01
1.495299100875854492e+00
4.374707043170928955e-01
5.839108228683471680e-01
-7.308026552200317383e-01
-3.714549541473388672e-01
-1.232995867729187012e+00
1.295688152313232422e+00
-4.126672148704528809e-01
-6.400793790817260742e-01
-6.107295155525207520e-01
-1.536832094192504883e+00
2.185726016759872437e-01
3.096757233142852783e-01
8.582714200019836426e-01
-3.664646446704864502e-01
-1.497972458600997925e-01
-3.098436295986175537e-01
-9.942030906677246094e-01
9.275703430175781250e-01
-8.289320021867752075e-02
-9.526001662015914917e-02
8.285069465637207031e-01
1.571799069643020630e-01
6.341689825057983398e-01
-1.788565516471862793e-01
-1.110452294349670410e+00
-2.907831668853759766e-01
9.716172218322753906e-01
8.121009916067123413e-02
-1.176229953765869141e+00
