-9.838116168975830078e-01
-7.416002750396728516e-01
-1.191808819770812988e+00
-1.388538241386413574e+00
-1.981119751930236816e+00
-1.460678100585937500e+00
-1.432583808898925781e+00
-1.424800515174865723e+00
-1.136772394180297852e+00
-1.630837440490722656e+00
-8.961338996887207031e-01
-8.096936941146850586e-01
-1.376630783081054688e+00
-1.057806611061096191e+00
-1.187486171722412109e+00
-7.386286258697509766e-01
-8.717728257179260254e-01
-1.200567126274108887e+00
-1.238153100013732910e+00
-7.155380845069885254e-01
-9.315981268882751465e-01
-7.779697179794311523e-01
-7.307457327842712402e-01
-1.084799289703369141e+00
-9.401585459709167480e-01
-1.249930858612060547e+00
-1.382670998573303223e+00
-7.545198202133178711e-01
-9.298608899116516113e-01
-6.716454625129699707e-01
-8.413311243057250977e-01
-7.001792192459106445e-01
-1.169988393783569336e+00
-1.326068758964538574e+00
-9.503077268600463867e-01
-1.033933758735656738e+00
-1.465594291687011719e+00
-1.452905535697937012e+00
-1.376422047615051270e+00
-1.504592299461364746e+00
-5.909384489059448242e-01
-7.635409235954284668e-01
-1.473361134529113770e+00
-1.077605724334716797e+00
-1.067806243896484375e+00
-9.496130943298339844e-01
-1.672058463096618652e+00
-1.114868998527526855e+00
-1.646107077598571777e+00
-1.192968964576721191e+00
-1.501086831092834473e+00
-1.373466849327087402e+00
-1.533717274665832520e+00
-1.266873121261596680e+00
-7.812411785125732422e-01
-1.415397405624389648e+00
-1.236736297607421875e+00
-1.091959357261657715e+00
-1.378264307975769043e+00
-1.005024552345275879e+00
-1.189686179161071777e+00
-1.559963703155517578e+00
-7.189144492149353027e-01
-6.695429682731628418e-01
