-2.288807392120361328e+00
-1.354166030883789062e+00
-2.053642511367797852e+00
-1.531235098838806152e+00
-1.980510473251342773e+00
-1.627114653587341309e+00
-1.744068384170532227e+00
-2.626763105392456055e+00
-2.046227455139160156e+00
-1.997082233428955078e+00
-1.567222595214843750e+00
-2.134681940078735352e+00
-2.460263013839721680e+00
-2.569969177246093750e+00
-2.351369380950927734e+00
-2.167321443557739258e+00
-1.227610826492309570e+00
-1.567113399505615234e+00
-1.798682808876037598e+00
-1.468170285224914551e+00
-2.069818973541259766e+00
-2.290062189102172852e+00
-2.309626579284667969e+00
-2.065065860748291016e+00
-2.372135877609252930e+00
-1.469389200210571289e+00
-1.268031716346740723e+00
-2.146618604660034180e+00
-2.232912540435791016e+00
-2.785557031631469727e+00
-1.474251151084899902e+00
-2.236185312271118164e+00
-9.049777984619140625e-01
-1.961346626281738281e+00
-2.447755813598632812e+00
-1.750110864639282227e+00
-1.508325219154357910e+00
-2.485521554946899414e+00
-1.701010227203369141e+00
-1.571978330612182617e+00
-1.636073470115661621e+00
-1.584534883499145508e+00
-1.831021070480346680e+00
-1.308125257492065430e+00
-1.977402210235595703e+00
-1.805129170417785645e+00
-1.100995898246765137e+00
-1.853955984115600586e+00
-1.823447346687316895e+00
-1.987466692924499512e+00
-2.486125946044921875e+00
-1.809141755104064941e+00
-2.702261447906494141e+00
-2.327222347259521484e+00
-2.698627471923828125e+00
-1.939623594284057617e+00
-2.392455339431762695e+00
-2.214102745056152344e+00
-2.144056797027587891e+00
-1.404188156127929688e+00
-2.011106967926025391e+00
-2.025753974914550781e+00
-2.365385055541992188e+00
-2.481268405914306641e+00
