-9.221637845039367676e-01
-6.467980146408081055e-01
-5.646026134490966797e-01
-3.950393795967102051e-01
-3.458533287048339844e-01
-5.251791477203369141e-01
-1.039638519287109375e+00
-2.534378170967102051e-01
-9.414371848106384277e-01
-5.861616134643554688e-01
-1.165812849998474121e+00
-3.529432415962219238e-01
-1.213344812393188477e+00
-4.833485484123229980e-01
-3.376851379871368408e-01
-6.053799986839294434e-01
-5.736813545227050781e-01
-1.660139083862304688e+00
-7.721055746078491211e-01
-2.694223523139953613e-01
-1.044377803802490234e+00
4.806840419769287109e-01
-5.376008749008178711e-01
-1.174456715583801270e+00
-1.025290131568908691e+00
-8.691300153732299805e-01
-1.183890342712402344e+00
-1.236824512481689453e+00
-8.061947226524353027e-01
-2.772946469485759735e-02
-8.290218710899353027e-01
-6.838345527648925781e-01
-1.308216571807861328e+00
-5.409239530563354492e-01
-5.084121823310852051e-01
-7.746717929840087891e-01
-4.304447174072265625e-01
-9.440574049949645996e-02
-4.526269733905792236e-01
-1.028003692626953125e+00
-8.296506404876708984e-01
-8.456034660339355469e-01
-9.252588152885437012e-01
-1.029955863952636719e+00
-1.067313671112060547e+00
-8.392822742462158203e-01
-8.087937235832214355e-01
-4.342981874942779541e-01
-1.350995779037475586e+00
-1.423941016197204590e+00
-7.476661801338195801e-01
-2.875034809112548828e-01
-6.604079604148864746e-01
-1.759541928768157959e-01
-6.862910389900207520e-01
-5.301764607429504395e-01
-2.746398150920867920e-01
-5.659322142601013184e-01
-1.023848176002502441e+00
-7.712871432304382324e-01
-2.938919365406036377e-01
-6.052144169807434082e-01
-9.418241381645202637e-01
-1.660778373479843140e-01
