-1.428241252899169922e+00
-1.119505286216735840e+00
-1.029505610466003418e+00
-1.090503215789794922e+00
-5.105848908424377441e-01
-1.259850859642028809e+00
-1.353454232215881348e+00
-8.948772549629211426e-01
-1.500108599662780762e+00
-9.094089865684509277e-01
-9.469019770622253418e-01
-1.123859763145446777e+00
-1.571757555007934570e+00
-8.767788410186767578e-01
-2.374804466962814331e-01
-1.102497339248657227e+00
-8.380862474441528320e-01
-1.470715880393981934e+00
-1.178422331809997559e+00
-7.485386133193969727e-01
-1.116632461547851562e+00
-4.861552119255065918e-01
-8.651589155197143555e-01
-1.580271959304809570e+00
-1.471311688423156738e+00
-1.310125708580017090e+00
-1.248880982398986816e+00
-1.394901752471923828e+00
-1.026331901550292969e+00
-7.117704153060913086e-01
-1.074127197265625000e+00
-7.655330896377563477e-01
-1.458494544029235840e+00
-1.286553621292114258e+00
-1.101121425628662109e+00
-1.213505744934082031e+00
-1.160503149032592773e+00
-9.335235953330993652e-01
-9.633345007896423340e-01
-4.972967505455017090e-01
-1.244821190834045410e+00
-1.323071599006652832e+00
-1.468472957611083984e+00
-1.430032610893249512e+00
-1.227178573608398438e+00
-1.262998700141906738e+00
-1.138271212577819824e+00
-1.331642031669616699e+00
-1.379431843757629395e+00
-1.417038917541503906e+00
-1.136946082115173340e+00
-1.053160071372985840e+00
-1.016311049461364746e+00
-7.646639943122863770e-01
-9.160605072975158691e-01
-1.281454205513000488e+00
-1.053075432777404785e+00
-1.103889226913452148e+00
-1.304641962051391602e+00
-9.314854145050048828e-01
-8.388828635215759277e-01
-9.269713163375854492e-01
-1.166152119636535645e+00
-4.557062685489654541e-01
