3.879404664039611816e-01 5.799840092658996582e-01 -1.021904349327087402e+00 1.343288898468017578e+00 -2.869459092617034912e-01 -1.550376892089843750e+00 -5.686837434768676758e-01 6.736174225807189941e-02 9.626820087432861328e-01 -1.405481576919555664e+00
-1.582843542098999023e+00 -1.048132896423339844e+00 -2.483400702476501465e-02 1.732038855552673340e-01 2.012745857238769531e+00 2.511273622512817383e+00 1.027464643120765686e-01 -5.429471842944622040e-03 8.398458361625671387e-02 -1.959290057420730591e-01
1.668226838111877441e+00 1.483348011970520020e+00 1.003333404660224915e-01 9.570014663040637970e-03 -2.687535285949707031e+00 1.882133483886718750e+00 8.762701749801635742e-01 1.155058294534683228e-02 -1.168827638030052185e-01 2.233082205057144165e-01
-5.089150071144104004e-01 1.034061789512634277e+00 2.683652937412261963e-01 1.190109178423881531e-01 -2.868767738342285156e+00 -2.011180162429809570e+00 2.881498634815216064e-01 -1.246349513530731201e-02 -3.788859546184539795e-01 -9.638600051403045654e-02
-3.443684577941894531e+00 -3.050632476806640625e-01 -3.476418554782867432e-01 2.255929708480834961e-01 3.409177660942077637e-01 -2.884757757186889648e+00 3.622960746288299561e-01 2.556597813963890076e-02 2.757349312305450439e-01 -2.886080741882324219e-01
2.974343672394752502e-02 -1.338079214096069336e+00 -1.681006997823715210e-01 8.067397773265838623e-02 2.256233453750610352e+00 -1.842175006866455078e+00 5.330516695976257324e-01 -8.782580494880676270e-02 1.317950785160064697e-01 -2.181062102317810059e-01
-1.650919616222381592e-01 2.860735952854156494e-01 -3.430714607238769531e-01 -2.207229852676391602e+00 5.835486203432083130e-02 -1.560420095920562744e-01 -4.760060012340545654e-01 1.915984903462231159e-04 3.277804553508758545e-01 2.189331531524658203e+00
-1.273031681776046753e-01 -2.770730853080749512e-01 -3.491382300853729248e-02 2.537028491497039795e-01 -4.068758711218833923e-02 3.994011580944061279e-01 1.374819129705429077e-01 1.134815253317356110e-02 -1.509531140327453613e-01 7.117208093404769897e-02
-4.525648057460784912e-01 2.317898273468017578e+00 3.484385907649993896e-01 6.072769686579704285e-02 -2.565973043441772461e+00 -2.254740335047245026e-03 2.891765236854553223e-01 -9.675816632807254791e-03 -4.786118268966674805e-01 2.476643584668636322e-02
-2.433082818984985352e+00 -9.023112654685974121e-01 3.634299337863922119e-01 1.235646232962608337e-01 6.669604778289794922e-01 -3.084332704544067383e+00 -2.618898749351501465e-01 -4.346022382378578186e-02 -5.004794597625732422e-01 -2.519061863422393799e-01
-2.546250343322753906e+00 1.461209774017333984e+00 3.169093048200011253e-03 -3.891326859593391418e-02 -1.405061721801757812e+00 -1.127729773521423340e+00 5.096362233161926270e-01 -1.713712885975837708e-02 -6.896871328353881836e-02 5.603700876235961914e-02
-7.657103538513183594e-01 -2.875498831272125244e-01 1.555278450250625610e-01 -1.632165610790252686e-01 3.309740781784057617e+00 8.915691375732421875e-01 3.203319758176803589e-02 -9.648090228438377380e-03 -1.540622711181640625e-01 8.556853979825973511e-02
7.149720191955566406e-01 -7.633790373802185059e-01 8.516933023929595947e-02 8.050351589918136597e-02 9.643682837486267090e-01 3.536019086837768555e+00 8.641207963228225708e-02 8.364913053810596466e-03 3.308659419417381287e-02 -9.936896711587905884e-02
2.409895658493041992e+00 -1.261900186538696289e+00 1.541962176561355591e-01 -6.074735894799232483e-02 8.743184208869934082e-01 3.735271692276000977e+00 2.079634368419647217e-01 8.609883487224578857e-02 2.533279173076152802e-02 1.337794959545135498e-01
1.410222053527832031e+00 -5.572245717048645020e-01 7.063888907432556152e-01 -9.167962074279785156e-01 -1.562141180038452148e-01 2.094556570053100586e+00 -5.647229552268981934e-01 -1.093510817736387253e-02 -5.355975627899169922e-01 1.090437769889831543e+00
-3.600906431674957275e-01 2.162133753299713135e-01 -1.132912278175354004e+00 1.573137879371643066e+00 -2.075664699077606201e-01 4.163749143481254578e-02 -5.603652000427246094e-01 -6.720248609781265259e-02 1.215172410011291504e+00 -1.513573765754699707e+00
1.240666627883911133e+00 7.839551568031311035e-01 1.631546020507812500e-01 -1.716522872447967529e-01 2.622975826263427734e+00 1.265246748924255371e+00 -2.440937459468841553e-01 6.987432390451431274e-02 -1.655848026275634766e-01 2.096526473760604858e-01
7.249007821083068848e-01 -2.465476274490356445e+00 9.425280988216400146e-02 -1.527640670537948608e-01 3.310198307037353516e+00 -5.897802710533142090e-01 3.733069822192192078e-02 1.429084781557321548e-02 -2.254363708198070526e-02 -3.654809843283146620e-04
-1.278094830922782421e-03 1.684439480304718018e-01 9.020559489727020264e-02 -3.245914876461029053e-01 1.015845015645027161e-01 -3.960848152637481689e-01 2.927819788455963135e-01 7.017958909273147583e-02 2.774409651756286621e-01 -1.312083154916763306e-01
-2.176561832427978516e+00 2.165093660354614258e+00 8.658400177955627441e-01 -1.782601922750473022e-01 -1.787811040878295898e+00 -5.729090571403503418e-01 -2.974539697170257568e-01 4.070950299501419067e-02 -9.106187224388122559e-01 1.674096137285232544e-01
-1.235438585281372070e+00 8.704091906547546387e-01 7.517150789499282837e-02 -2.775861620903015137e-01 -3.017713069915771484e+00 1.018786191940307617e+00 -6.083616018295288086e-01 1.632686555385589600e-01 -5.103601142764091492e-02 4.694169461727142334e-01
1.145785208791494370e-02 9.794447571039199829e-02 2.050164699554443359e+00 7.801431417465209961e-01 1.087672412395477295e-01 -5.497821792960166931e-02 -2.861457169055938721e-01 -4.604632407426834106e-02 -2.059554100036621094e+00 -8.135501742362976074e-01
-9.916874170303344727e-01 3.766554892063140869e-01 6.033073663711547852e-01 -1.665488243103027344e+00 1.191784977912902832e+00 -1.320695757865905762e+00 -5.485715270042419434e-01 2.952205948531627655e-02 -6.232068538665771484e-01 1.562919020652770996e+00
6.589640378952026367e-01 -7.719509601593017578e-01 8.591743535362184048e-04 -2.428028583526611328e-01 -1.777547478675842285e+00 -1.604489564895629883e+00 9.001094102859497070e-01 -1.456269919872283936e-01 -1.367554254829883575e-02 2.651340067386627197e-01
-2.139290094375610352e+00 -7.960286736488342285e-01 -7.688534855842590332e-01 4.856266677379608154e-01 -1.303100109100341797e+00 1.304444313049316406e+00 -6.118668615818023682e-02 -2.871929295361042023e-02 7.887395024299621582e-01 -4.405905306339263916e-01
-1.098135709762573242e+00 3.795012235641479492e-01 1.011375635862350464e-01 2.719380855560302734e-01 1.300075054168701172e-01 9.332317113876342773e-01 5.943292975425720215e-01 1.685832440853118896e-01 3.217788040637969971e-01 4.369993135333061218e-02
4.715934023261070251e-02 -8.522187173366546631e-02 1.312500983476638794e-01 1.623434387147426605e-02 2.288057506084442139e-01 1.126964613795280457e-01 3.863781213760375977e+00 -1.957995891571044922e-01 -1.127314046025276184e-01 -1.988838054239749908e-02
-9.181169420480728149e-02 -9.920739531517028809e-01 8.417492359876632690e-02 -6.668215245008468628e-02 -2.324637651443481445e+00 6.759155988693237305e-01 5.527504533529281616e-02 9.449832886457443237e-02 -1.314614713191986084e-01 1.178753599524497986e-01
-3.519783914089202881e-01 1.520533680915832520e+00 -1.174063608050346375e-01 1.568502187728881836e-01 1.772443294525146484e+00 -2.757311344146728516e+00 2.683293223381042480e-01 -4.537571594119071960e-02 6.067742034792900085e-02 -1.825151443481445312e-01
1.425566673278808594e+00 1.646676898002624512e+00 7.457093596458435059e-01 1.959992051124572754e-01 -1.468550324440002441e+00 -4.977254569530487061e-01 5.282654985785484314e-02 -4.360002279281616211e-02 -7.465864419937133789e-01 -1.699783802032470703e-01
3.094482123851776123e-01 -1.315297245979309082e+00 1.126407980918884277e-01 -9.792842268943786621e-01 -1.799031615257263184e+00 2.018805980682373047e+00 -3.007422089576721191e-01 -1.029643416404724121e-02 -9.398155659437179565e-02 9.877353310585021973e-01
1.306190252304077148e+00 1.609604239463806152e+00 2.134827524423599243e-02 3.357872366905212402e-02 -7.633748054504394531e-01 -1.519518017768859863e+00 5.690417289733886719e-01 -8.925907313823699951e-02 2.830572053790092468e-02 2.204390242695808411e-03
1.630620360374450684e+00 -2.317128181457519531e+00 3.178858757019042969e-01 -8.835031092166900635e-02 4.129087328910827637e-01 2.571638822555541992e+00 3.000731207430362701e-02 -2.955950237810611725e-02 -2.166587859392166138e-01 1.955624967813491821e-01
-2.740712603554129601e-03 1.195357665419578552e-01 2.925851941108703613e-02 4.501805081963539124e-02 5.294789443723857403e-04 6.392399780452251434e-03 -5.065546557307243347e-02 -1.287823915481567383e-01 -2.538813836872577667e-02 -5.190423876047134399e-02
-2.528912425041198730e-01 -3.704000413417816162e-01 6.551972031593322754e-02 -5.009290575981140137e-02 3.724016547203063965e-01 -2.060552388429641724e-01 4.324605941772460938e+00 -1.392126455903053284e-02 -5.930047109723091125e-02 1.365185994654893875e-02
1.237012594938278198e-01 8.022937178611755371e-01 1.193118467926979065e-02 7.963120192289352417e-02 -9.504160881042480469e-01 -2.167263776063919067e-01 3.620398759841918945e+00 -5.507302284240722656e-02 -7.030039280652999878e-02 -3.108850494027137756e-02
-8.216521143913269043e-01 2.041883230209350586e+00 2.606844305992126465e-01 4.535760879516601562e-01 -3.815932273864746094e-01 -3.491934537887573242e+00 5.218452811241149902e-01 -7.983153313398361206e-02 -4.062676727771759033e-01 -5.847589373588562012e-01
-5.817245244979858398e-01 -1.880768299102783203e+00 -3.876409530639648438e-01 1.370142493396997452e-02 -2.130617380142211914e+00 -4.061700031161308289e-02 1.508846729993820190e-01 -9.361816942691802979e-02 3.545917570590972900e-01 1.676686108112335205e-02
-5.116797685623168945e-01 -1.070539832115173340e+00 -1.753871321678161621e+00 5.199304819107055664e-01 1.823170900344848633e+00 4.140450656414031982e-01 -4.240085482597351074e-01 3.727772459387779236e-02 1.741749882698059082e+00 -5.770280957221984863e-01
-1.363557100296020508e+00 2.351034164428710938e+00 -2.019423432648181915e-02 1.674531213939189911e-02 -1.814711540937423706e-01 -2.654811859130859375e+00 9.858421683311462402e-01 3.597050206735730171e-03 -1.559041887521743774e-01 -1.498557180166244507e-01
-3.655043616890907288e-02 -2.235342711210250854e-01 -2.036755561828613281e+00 -7.643655538558959961e-01 -1.838385760784149170e-01 -1.597489863634109497e-01 -2.455133497714996338e-01 -2.006483450531959534e-02 2.038202285766601562e+00 7.298743128776550293e-01
1.664092183113098145e+00 1.296257823705673218e-01 7.374614011496305466e-03 -1.578034013509750366e-01 6.848939061164855957e-01 4.242581725120544434e-01 1.651482701301574707e+00 -6.308563798666000366e-02 -1.790891289710998535e-01 -2.108890563249588013e-02
-1.535371780395507812e+00 1.401465535163879395e+00 -2.482014596462249756e-01 2.278031706809997559e-01 8.371218442916870117e-01 1.851663470268249512e+00 2.473276108503341675e-02 -2.852922677993774414e-02 1.214973032474517822e-01 -2.650570869445800781e-01
2.610155045986175537e-01 1.411666750907897949e+00 6.903860569000244141e-01 -5.126862525939941406e-01 -2.410173654556274414e+00 -1.813545078039169312e-01 -4.353789091110229492e-01 1.537330634891986847e-02 -7.422728538513183594e-01 5.280525088310241699e-01
2.157984256744384766e+00 9.746926426887512207e-01 1.082816049456596375e-01 -3.232916444540023804e-02 -2.746439695358276367e+00 1.872801661491394043e+00 5.975924134254455566e-01 5.481028929352760315e-02 -1.761753559112548828e-01 2.474700361490249634e-01
-5.439888834953308105e-01 1.152458906173706055e+00 -1.105555146932601929e-01 5.721467733383178711e-01 2.420105695724487305e+00 -1.029064774513244629e+00 6.632974743843078613e-02 -7.133606821298599243e-02 1.441739499568939209e-01 -6.176497340202331543e-01
7.841833233833312988e-01 -2.237759828567504883e-01 -1.587877571582794189e-01 -1.424387693405151367e+00 1.262102007865905762e+00 6.508619189262390137e-01 -9.213475584983825684e-01 8.333974517881870270e-03 2.474559545516967773e-01 1.422272920608520508e+00
-8.847409486770629883e-01 1.876563310623168945e+00 -6.444897651672363281e-01 -2.080936431884765625e-01 1.196191757917404175e-01 -2.718002080917358398e+00 -4.213191866874694824e-01 -4.290733952075242996e-03 5.134560465812683105e-01 1.195544004440307617e-01
-1.877981662750244141e+00 9.985123276710510254e-01 -1.299361288547515869e-01 6.059285998344421387e-01 2.123755931854248047e+00 3.853262066841125488e-01 -5.176390055567026138e-03 -1.493724994361400604e-02 1.716368049383163452e-01 -7.086510658264160156e-01
1.437549710273742676e+00 1.905112862586975098e+00 -6.425596773624420166e-02 -2.454199828207492828e-02 2.959740720689296722e-02 2.317349433898925781e+00 -9.843876957893371582e-02 -1.199768260121345520e-01 1.048425734043121338e-01 -6.803017575293779373e-03
1.646068930625915527e+00 1.017830371856689453e-01 6.275780797004699707e-01 -6.563862562179565430e-01 -1.566172361373901367e+00 -1.814835190773010254e+00 -4.496579170227050781e-01 1.567339710891246796e-02 -7.173151969909667969e-01 6.704210638999938965e-01
-2.802740335464477539e-01 -3.182249665260314941e-01 8.937697410583496094e-01 -1.740171909332275391e+00 -1.573879569768905640e-01 3.920753598213195801e-01 -4.959769845008850098e-01 -2.348475530743598938e-02 -9.341661930084228516e-01 1.741633772850036621e+00
2.298815488815307617e+00 -8.360794186592102051e-01 1.406603455543518066e-01 -8.937017321586608887e-01 -1.400264143943786621e+00 4.681047499179840088e-01 -7.288435101509094238e-01 -7.170788943767547607e-02 -1.875282227993011475e-01 9.109438061714172363e-01
-9.583576917648315430e-01 1.059706926345825195e+00 -2.806443572044372559e-01 6.165263056755065918e-01 -1.145250797271728516e+00 -2.933482408523559570e+00 4.910413920879364014e-02 -9.056479483842849731e-02 2.002895772457122803e-01 -5.683377981185913086e-01
4.918426871299743652e-01 2.049328327178955078e+00 -6.028938889503479004e-01 -7.145213335752487183e-02 -1.786600589752197266e+00 1.767601132392883301e+00 -7.429335117340087891e-01 -2.696960419416427612e-02 5.717444419860839844e-01 1.077478900551795959e-01
6.380380392074584961e-01 2.672597169876098633e+00 4.038473218679428101e-02 -1.946798712015151978e-01 2.011304199695587158e-01 9.048993587493896484e-01 9.333123564720153809e-01 7.128181308507919312e-02 8.349021524190902710e-02 1.103549823164939880e-01
-1.941929161548614502e-01 -2.232489287853240967e-01 5.267469584941864014e-02 -1.069191098213195801e-01 -1.007236838340759277e-01 1.182900667190551758e-01 -1.601014845073223114e-02 -3.263402581214904785e-01 -1.161873340606689453e-02 -6.271872669458389282e-02
1.668391466140747070e+00 2.070531845092773438e-01 3.119244575500488281e-01 -4.137605894356966019e-03 -1.132139205932617188e+00 -2.349758148193359375e+00 1.091415360569953918e-01 -6.261846423149108887e-02 -3.773268759250640869e-01 2.926569990813732147e-02
9.673818945884704590e-01 -8.822458386421203613e-01 -1.911890320479869843e-02 2.424979507923126221e-01 -1.255087375640869141e+00 2.417109012603759766e+00 2.334971129894256592e-01 -1.014694273471832275e-01 1.171182766556739807e-01 -1.832629591226577759e-01
2.309643745422363281e+00 -7.874831208027899265e-04 -4.211493209004402161e-02 4.925014451146125793e-02 -1.719871640205383301e+00 9.158539772033691406e-01 2.150011777877807617e+00 -1.236983984708786011e-01 -1.668436080217361450e-02 6.205920130014419556e-02
1.462481498718261719e+00 1.612504839897155762e+00 1.810400187969207764e-01 -3.033404052257537842e-01 4.910553991794586182e-01 -4.380696415901184082e-01 2.178205698728561401e-01 -6.872286647558212280e-02 -1.989948898553848267e-01 2.778114080429077148e-01
9.828141927719116211e-01 -1.828163146972656250e+00 -6.055440381169319153e-02 -1.560553628951311111e-02 -1.613371729850769043e+00 -1.941195368766784668e+00 -1.760403513908386230e-01 -1.359011083841323853e-01 2.098733559250831604e-02 7.350248843431472778e-02
1.820130348205566406e-01 -5.169957876205444336e-02 1.022058129310607910e+00 -7.938200235366821289e-01 -6.163957715034484863e-01 2.038662433624267578e+00 -2.946711480617523193e-01 -4.824420437216758728e-02 -1.113310575485229492e+00 7.310861945152282715e-01
-8.219888210296630859e-01 -1.474044561386108398e+00 -9.364876896142959595e-02 -3.841671049594879150e-01 -2.221407175064086914e+00 -1.175183653831481934e+00 -7.803070545196533203e-01 4.725461080670356750e-02 1.150883659720420837e-01 4.192576110363006592e-01
