-2.727851271629333496e-01
-3.083764612674713135e-01
-5.406660437583923340e-01
-3.615684509277343750e-01
-1.901814341545104980e-01
-4.476141333580017090e-01
-4.738171994686126709e-01
-3.653139472007751465e-01
-2.772515267133712769e-02
-1.961450129747390747e-01
-9.062025547027587891e-01
-5.404852032661437988e-01
-3.355926871299743652e-01
-3.425378203392028809e-01
-5.035836100578308105e-01
-7.208971977233886719e-01
-3.593133389949798584e-01
-4.052573740482330322e-01
-3.536425232887268066e-01
-1.489619314670562744e-01
-1.644507646560668945e-01
-3.419795632362365723e-01
-1.681047305464744568e-02
-5.217052102088928223e-01
-5.819280147552490234e-01
-4.184428453445434570e-01
-3.947899043560028076e-01
-2.269991040229797363e-01
-4.483044743537902832e-01
-7.297870516777038574e-02
-5.117062926292419434e-01
1.561424285173416138e-01
-2.678254544734954834e-01
-8.751034736633300781e-02
-1.241022422909736633e-01
-4.648680388927459717e-01
-2.810424864292144775e-01
1.522184163331985474e-01
-2.037459760904312134e-01
-5.891320705413818359e-01
-6.885189414024353027e-01
6.671744585037231445e-02
-3.712795674800872803e-01
-4.251937270164489746e-01
-5.240914970636367798e-02
-1.572108417749404907e-01
-4.976297914981842041e-01
-4.127242565155029297e-01
-4.133481085300445557e-01
-2.542398273944854736e-01
-2.597450315952301025e-01
-6.353057026863098145e-01
-5.453879237174987793e-01
-1.442967504262924194e-01
-2.260210663080215454e-01
-1.017845124006271362e-01
-3.314468562602996826e-01
-2.914031744003295898e-01
6.052910909056663513e-02
-4.903545081615447998e-01
-5.616295337677001953e-01
-3.637569248676300049e-01
-3.321463763713836670e-01
-3.780163824558258057e-01
