-2.290688902139663696e-01
-3.002663552761077881e-01
-3.153019547462463379e-01
-2.422154247760772705e-01
-4.886520206928253174e-01
1.741379946470260620e-01
-3.476957678794860840e-01
-1.532045565545558929e-02
3.495604097843170166e-01
3.944015800952911377e-01
-2.044600397348403931e-01
3.723945468664169312e-02
-2.413407899439334869e-02
-1.151175871491432190e-01
-1.695932149887084961e-01
-1.407292187213897705e-01
-4.738448858261108398e-01
1.002863645553588867e-01
-1.074192002415657043e-01
-5.167604684829711914e-01
-4.641373455524444580e-01
-2.892387807369232178e-01
-1.461203247308731079e-01
-3.850013017654418945e-01
-2.764772176742553711e-01
-2.587552368640899658e-01
-1.291906684637069702e-01
-1.647422313690185547e-01
-2.028432637453079224e-01
2.782616913318634033e-01
-4.124489128589630127e-01
-7.333685755729675293e-01
-9.465084969997406006e-02
-3.866298496723175049e-01
-1.028782844543457031e+00
-9.403940439224243164e-01
-5.022873878479003906e-01
-1.586385518312454224e-01
-8.569114655256271362e-02
-5.970368385314941406e-01
-2.729264199733734131e-01
-3.269832432270050049e-01
-5.247438549995422363e-01
-2.274573892354965210e-01
-5.832535028457641602e-01
-2.209159880876541138e-01
-4.099479913711547852e-01
-6.054114699363708496e-01
-2.996436953544616699e-01
-1.579769998788833618e-01
-4.337591230869293213e-01
-3.068700134754180908e-01
-6.103637218475341797e-01
-1.180645897984504700e-01
-6.704957485198974609e-01
-4.986209273338317871e-01
-8.029484152793884277e-01
-3.124241530895233154e-01
-1.017082035541534424e-01
-7.183720469474792480e-01
-2.318846285343170166e-01
-5.838360190391540527e-01
-1.974132806062698364e-01
-6.866098046302795410e-01
