-5.586653351783752441e-01
-2.542434930801391602e-01
-6.853075027465820312e-01
3.419370055198669434e-01
-4.568462669849395752e-01
-2.367963045835494995e-01
-1.633606702089309692e-01
-5.733123421669006348e-01
-5.064557194709777832e-01
-2.538993358612060547e-01
-4.097162783145904541e-01
-2.928591072559356689e-01
-2.066217064857482910e-01
-4.384420216083526611e-01
2.469130754470825195e-01
-2.093942165374755859e-01
-2.657132148742675781e-01
-1.974870413541793823e-01
-6.233706474304199219e-01
-2.672730982303619385e-01
-1.062641143798828125e-01
2.040696591138839722e-01
-9.986431002616882324e-01
2.868474423885345459e-01
-1.133517026901245117e-01
1.098981965333223343e-02
-9.091016650199890137e-01
-3.380497097969055176e-01
-2.190967053174972534e-01
-1.039646789431571960e-01
1.755407899618148804e-01
9.112289547920227051e-02
