-8.255319595336914062e-01
-1.439902335405349731e-01
-6.736183762550354004e-01
1.002156615257263184e+00
-9.736623615026473999e-03
1.242901198565959930e-02
2.887963876128196716e-02
-4.781147837638854980e-01
8.538525104522705078e-01
1.141084790229797363e+00
-7.588512301445007324e-01
2.263055145740509033e-01
-3.524738252162933350e-01
1.978341788053512573e-01
1.490731090307235718e-01
2.969797551631927490e-01
-2.445906847715377808e-01
-5.751074552536010742e-01
8.918399214744567871e-01
1.047260999679565430e+00
1.247568652033805847e-01
9.979407191276550293e-01
5.537818074226379395e-01
-1.467145830392837524e-01
-1.524975895881652832e-01
-1.151500821113586426e+00
-9.019231200218200684e-01
4.902338981628417969e-01
-1.183109998703002930e+00
-4.167479574680328369e-01
6.578259915113449097e-02
4.145002365112304688e-01
2.967091798782348633e-01
-8.230404257774353027e-01
1.168473660945892334e-01
8.668735027313232422e-01
-6.109251081943511963e-02
2.355953902006149292e-01
4.579694569110870361e-01
5.311275124549865723e-01
7.019900679588317871e-01
-2.883954644203186035e-01
-2.147443443536758423e-01
1.133895292878150940e-01
-1.467710852622985840e+00
-4.128025472164154053e-01
-1.078172922134399414e-01
-4.504786133766174316e-01
-1.118320941925048828e+00
-2.130823135375976562e-01
5.487463474273681641e-01
-5.014333724975585938e-01
5.943873524665832520e-01
7.872197031974792480e-01
-1.358413219451904297e+00
-6.688858568668365479e-02
-5.406551361083984375e-01
-6.018614172935485840e-01
-1.614790409803390503e-01
1.668025702238082886e-01
-3.983985483646392822e-01
8.172956705093383789e-01
1.835369020700454712e-01
-1.215460672974586487e-01
