-5.274468064308166504e-01
8.645187318325042725e-02
-3.752131164073944092e-01
-3.850940167903900146e-01
-2.395414710044860840e-01
1.146175712347030640e-01
-3.782162070274353027e-01
-3.079122863709926605e-03
6.741403341293334961e-01
4.676823914051055908e-01
4.321195781230926514e-01
7.431930303573608398e-01
-8.114253878593444824e-01
9.603176712989807129e-01
-2.387553006410598755e-01
-6.172217726707458496e-01
-1.159118115901947021e-01
-7.974258661270141602e-01
3.234338462352752686e-01
5.425283908843994141e-01
1.359274744987487793e+00
-1.152329295873641968e-01
1.828005909919738770e+00
7.386912107467651367e-01
1.003777265548706055e+00
-7.592732906341552734e-01
-1.390119940042495728e-01
8.566095679998397827e-02
8.010438084602355957e-02
7.974392175674438477e-01
3.995310515165328979e-02
6.834552288055419922e-01
4.569714367389678955e-01
-7.687973976135253906e-02
1.453863024711608887e+00
7.244541645050048828e-01
4.720966517925262451e-01
-1.827120184898376465e-01
1.492647677659988403e-01
-1.318702578544616699e+00
6.163089275360107422e-01
5.938569307327270508e-01
-1.225213050842285156e+00
2.155691385269165039e-01
-1.503031134605407715e+00
8.274753093719482422e-01
5.833919048309326172e-01
-5.227702856063842773e-01
2.219217866659164429e-01
-2.252251356840133667e-01
-7.930358648300170898e-01
-6.470891237258911133e-01
5.577831864356994629e-01
1.045520544052124023e+00
-1.542021483182907104e-01
1.554411292076110840e+00
1.607922762632369995e-01
7.334418892860412598e-01
1.669997125864028931e-01
-8.739238381385803223e-01
2.350935190916061401e-01
3.732825219631195068e-01
-2.052224278450012207e-01
6.401081085205078125e-01
