4.942971840500831604e-02
-1.562273353338241577e-01
-2.040728479623794556e-01
2.443879991769790649e-01
6.972198188304901123e-02
-9.718655049800872803e-02
2.835702337324619293e-02
-4.869238138198852539e-01
6.710165762342512608e-04
-6.534541398286819458e-02
1.176957264542579651e-01
2.739224731922149658e-01
-2.834402322769165039e-01
3.090142011642456055e-01
-6.129801273345947266e-01
-4.973129332065582275e-01
-5.491603016853332520e-01
7.213811278343200684e-01
3.702906370162963867e-01
-3.463092818856239319e-02
3.884204924106597900e-01
4.872862100601196289e-01
-2.571504376828670502e-02
3.176025152206420898e-01
-3.423764407634735107e-01
5.578913167119026184e-02
8.309268951416015625e-02
4.526543021202087402e-01
-3.202111423015594482e-01
-4.820005297660827637e-01
-2.838753163814544678e-01
-2.495900914072990417e-02
-1.141601242125034332e-02
-2.367013096809387207e-01
-3.567258119583129883e-01
-1.686349958181381226e-01
4.084712266921997070e-01
-3.721711933612823486e-01
1.997431218624114990e-01
6.581691503524780273e-01
-5.299346446990966797e-01
-8.809127658605575562e-02
-5.504053235054016113e-01
-1.754180788993835449e-01
-7.562606781721115112e-02
9.056366980075836182e-02
-5.374477505683898926e-01
8.687763661146163940e-02
8.476611226797103882e-02
2.861874103546142578e-01
5.378332734107971191e-01
2.212534546852111816e-01
-1.042966842651367188e-01
-2.967491447925567627e-01
-6.091505289077758789e-01
4.878687560558319092e-01
2.555132508277893066e-01
-2.749715745449066162e-01
-1.703446805477142334e-01
3.377537131309509277e-01
4.981068670749664307e-01
-1.604281067848205566e-01
4.768726825714111328e-01
6.276550292968750000e-01
